1 0.496863 0.158203 0.060392 0.136719
1 0.712157 0.162109 0.043922 0.113281
0 0.021961 0.218750 0.039216 0.148438
0 0.071765 0.226562 0.046275 0.148438
0 0.124706 0.224609 0.040784 0.113281
0 0.162353 0.230469 0.028235 0.156250
0 0.227843 0.236328 0.054118 0.136719
0 0.311373 0.250000 0.061176 0.140625
0 0.398431 0.244141 0.054902 0.160156
0 0.542353 0.238281 0.041569 0.148438
0 0.607059 0.240234 0.045490 0.136719
0 0.680784 0.234375 0.039216 0.140625
0 0.744706 0.246094 0.032157 0.125000
0 0.799216 0.242188 0.045490 0.148438
0 0.866667 0.238281 0.042353 0.140625
0 0.927451 0.244141 0.046275 0.144531
