0 0.019352 0.216797 0.037125 0.128906
0 0.069510 0.214844 0.045814 0.117188
0 0.121248 0.230469 0.037125 0.125000
0 0.160348 0.230469 0.022117 0.125000
0 0.201817 0.236328 0.043444 0.113281
0 0.291074 0.238281 0.056082 0.117188
0 0.381122 0.232422 0.059242 0.152344
0 0.526066 0.253906 0.045814 0.140625
0 0.592812 0.259766 0.045024 0.136719
0 0.662322 0.253906 0.051343 0.109375
0 0.745261 0.251953 0.045024 0.121094
0 0.812796 0.251953 0.050553 0.144531
0 0.886256 0.253906 0.045814 0.171875
0 0.937204 0.253906 0.045024 0.140625
1 0.700237 0.134766 0.052923 0.089844
1 0.474724 0.140625 0.066351 0.093750
